MODEL.01
Model after    40 iterations
ISOTROPIC
KGS
SPHERICAL EARTH
1-D
CONSTANT VELOCITY
LINE08
LINE09
LINE10
LINE11
      H(KM)   VP(KM/S)   VS(KM/S) RHO(GM/CC)     QP         QS       ETAP       ETAS      FREFP      FREFS    
     0.1000     4.6824     2.6009     2.4329  0.118E-02  0.167E-02   0.00       0.00       1.00       1.00    
     0.1000     4.6835     2.6019     2.4331  0.118E-02  0.167E-02   0.00       0.00       1.00       1.00    
     0.1000     4.6854     2.6032     2.4335  0.118E-02  0.167E-02   0.00       0.00       1.00       1.00    
     0.1000     4.6904     2.6058     2.4346  0.118E-02  0.167E-02   0.00       0.00       1.00       1.00    
     0.1000     4.6995     2.6107     2.4366  0.118E-02  0.167E-02   0.00       0.00       1.00       1.00    
     0.5000     4.7138     2.6186     2.4397  0.118E-02  0.167E-02   0.00       0.00       1.00       1.00    
     0.5000     4.7669     2.6486     2.4512  0.118E-02  0.167E-02   0.00       0.00       1.00       1.00    
     0.5000     4.8952     2.7196     2.4789  0.118E-02  0.167E-02   0.00       0.00       1.00       1.00    
     0.5000     5.1048     2.8363     2.5220  0.118E-02  0.167E-02   0.00       0.00       1.00       1.00    
     2.0000     5.3933     2.9958     2.5788  0.118E-02  0.167E-02   0.00       0.00       1.00       1.00    
     2.0000     5.8247     3.2358     2.6641  0.118E-02  0.167E-02   0.00       0.00       1.00       1.00    
     2.0000     6.1174     3.3984     2.7337  0.118E-02  0.167E-02   0.00       0.00       1.00       1.00    
     2.0000     6.2238     3.4574     2.7658  0.118E-02  0.167E-02   0.00       0.00       1.00       1.00    
     2.0000     6.1707     3.4280     2.7503  0.118E-02  0.167E-02   0.00       0.00       1.00       1.00    
     2.0000     5.9665     3.3143     2.6932  0.118E-02  0.167E-02   0.00       0.00       1.00       1.00    
     2.0000     5.7365     3.1870     2.6479  0.118E-02  0.167E-02   0.00       0.00       1.00       1.00    
     2.0000     5.8273     3.2374     2.6660  0.118E-02  0.167E-02   0.00       0.00       1.00       1.00    
     2.0000     6.0939     3.3855     2.7280  0.118E-02  0.167E-02   0.00       0.00       1.00       1.00    
     2.0000     6.1696     3.4275     2.7507  0.118E-02  0.167E-02   0.00       0.00       1.00       1.00    
     2.0000     6.2191     3.4552     2.7652  0.118E-02  0.167E-02   0.00       0.00       1.00       1.00    
     2.0000     6.2258     3.4584     2.7670  0.118E-02  0.167E-02   0.00       0.00       1.00       1.00    
     2.0000     6.1753     3.4306     2.7519  0.118E-02  0.167E-02   0.00       0.00       1.00       1.00    
     2.0000     6.2036     3.4463     2.7601  0.118E-02  0.167E-02   0.00       0.00       1.00       1.00    
     2.0000     6.1040     3.3912     2.7306  0.118E-02  0.167E-02   0.00       0.00       1.00       1.00    
     2.0000     6.0899     3.3832     2.7264  0.118E-02  0.167E-02   0.00       0.00       1.00       1.00    
     2.0000     6.0754     3.3750     2.7221  0.118E-02  0.167E-02   0.00       0.00       1.00       1.00    
     2.0000     5.9771     3.3211     2.6956  0.118E-02  0.167E-02   0.00       0.00       1.00       1.00    
     2.0000     6.0738     3.3743     2.7223  0.118E-02  0.167E-02   0.00       0.00       1.00       1.00    
     2.0000     6.1829     3.4351     2.7548  0.118E-02  0.167E-02   0.00       0.00       1.00       1.00    
     2.0000     6.2127     3.4516     2.7637  0.118E-02  0.167E-02   0.00       0.00       1.00       1.00    
     2.0000     6.2485     3.4718     2.7743  0.118E-02  0.167E-02   0.00       0.00       1.00       1.00    
     2.0000     6.2995     3.4997     2.7893  0.118E-02  0.167E-02   0.00       0.00       1.00       1.00    
     2.0000     6.3132     3.5073     2.7933  0.118E-02  0.167E-02   0.00       0.00       1.00       1.00    
     2.0000     6.2072     3.4485     2.7622  0.118E-02  0.167E-02   0.00       0.00       1.00       1.00    
     2.0000     6.2043     3.4468     2.7619  0.118E-02  0.167E-02   0.00       0.00       1.00       1.00    
     2.0000     6.3367     3.5205     2.8015  0.118E-02  0.167E-02   0.00       0.00       1.00       1.00    
     2.0000     6.4601     3.5891     2.8388  0.118E-02  0.167E-02   0.00       0.00       1.00       1.00    
     2.0000     6.6877     3.7155     2.8992  0.118E-02  0.167E-02   0.00       0.00       1.00       1.00    
     2.0000     6.9629     3.8684     2.9704  0.118E-02  0.167E-02   0.00       0.00       1.00       1.00    
     2.0000     7.2519     4.0290     3.0601  0.118E-02  0.167E-02   0.00       0.00       1.00       1.00    
     2.0000     7.5325     4.1849     3.1498  0.118E-02  0.167E-02   0.00       0.00       1.00       1.00    
     2.0000     7.7165     4.2868     3.2119  0.118E-02  0.167E-02   0.00       0.00       1.00       1.00    
     2.0000     7.7902     4.3272     3.2369  0.118E-02  0.167E-02   0.00       0.00       1.00       1.00    
     2.0000     7.7357     4.2973     3.2187  0.118E-02  0.167E-02   0.00       0.00       1.00       1.00    
     2.0000     7.5726     4.2071     3.1642  0.118E-02  0.167E-02   0.00       0.00       1.00       1.00    
     2.0000     7.4242     4.1246     3.1162  0.118E-02  0.167E-02   0.00       0.00       1.00       1.00    
     2.0000     7.3544     4.0859     3.0941  0.118E-02  0.167E-02   0.00       0.00       1.00       1.00    
     2.0000     7.2952     4.0531     3.0752  0.118E-02  0.167E-02   0.00       0.00       1.00       1.00    
     5.0000     7.1874     4.0113     3.0409  0.549E-02  0.132E-01   0.00       0.00       1.00       1.00    
     5.0000     7.1990     4.0181     3.0443  0.549E-02  0.132E-01   0.00       0.00       1.00       1.00    
     5.0000     7.2012     4.0191     3.0449  0.549E-02  0.132E-01   0.00       0.00       1.00       1.00    
     5.0000     7.2604     4.0523     3.0637  0.549E-02  0.132E-01   0.00       0.00       1.00       1.00    
     5.0000     7.3349     4.0937     3.0873  0.549E-02  0.132E-01   0.00       0.00       1.00       1.00    
     5.0000     7.3941     4.1263     3.1064  0.549E-02  0.132E-01   0.00       0.00       1.00       1.00    
     5.0000     7.4476     4.1563     3.1237  0.549E-02  0.132E-01   0.00       0.00       1.00       1.00    
     5.0000     7.5441     4.2106     3.1555  0.549E-02  0.132E-01   0.00       0.00       1.00       1.00    
    10.0000     7.7113     4.3101     3.2119  0.546E-02  0.131E-01   0.00       0.00       1.00       1.00    
    10.0000     7.8542     4.3900     3.2602  0.546E-02  0.131E-01   0.00       0.00       1.00       1.00    
    10.0000     7.9584     4.4482     3.2957  0.546E-02  0.131E-01   0.00       0.00       1.00       1.00    
    10.0000     8.1500     4.5560     3.3632  0.546E-02  0.131E-01   0.00       0.00       1.00       1.00    
    10.0000     8.3717     4.6183     3.4429  0.529E-02  0.131E-01   0.00       0.00       1.00       1.00    
    10.0000     8.4590     4.6665     3.4741  0.529E-02  0.131E-01   0.00       0.00       1.00       1.00    
    10.0000     8.5707     4.7284     3.5123  0.529E-02  0.131E-01   0.00       0.00       1.00       1.00    
    10.0000     8.4873     4.6823     3.4838  0.529E-02  0.131E-01   0.00       0.00       1.00       1.00    
    10.0000     8.3163     4.5879     3.4232  0.529E-02  0.131E-01   0.00       0.00       1.00       1.00    
    10.0000     8.2597     4.5569     3.4031  0.529E-02  0.131E-01   0.00       0.00       1.00       1.00    
    10.0000     8.3240     4.5314     3.4267  0.294E-02  0.769E-02   0.00       0.00       1.00       1.00    
    10.0000     8.3122     4.5251     3.4228  0.294E-02  0.769E-02   0.00       0.00       1.00       1.00    
    20.0000     8.3474     4.5442     3.4352  0.294E-02  0.769E-02   0.00       0.00       1.00       1.00    
    20.0000     8.3220     4.5306     3.4260  0.294E-02  0.769E-02   0.00       0.00       1.00       1.00    
    20.0000     8.3044     4.5210     3.4196  0.294E-02  0.769E-02   0.00       0.00       1.00       1.00    
     0.0000     8.3001     4.5183     3.4180  0.294E-02  0.769E-02   0.00       0.00       1.00       1.00    
